0000110000000001
0000101000000000
0000101100000111
0000100100000000
0000000111111111
0000001010000001
0000001110000001
0000010010000001
0000010110000001
0000011010000001
0000011110000001
0000100011111111
0000000111111111
0000001010000001
0000001110000001
0000010010000001
0000010110000001
0000011010000001
0000011110000001
0000100011111111
0000000111111111
0000001010000001
0000001110000001
0000010010000001
0000010110000001
0000011010000001
0000011110000001
0000100011111111
0000000111111111
0000001010000001
0000001110000001
0000010010000001
0000010110000001
0000011010000001
0000011110000001
0000100011111111
0000000111111111
0000001010000001
0000001110000001
0000010010000001
0000010110000001
0000011010000001
0000011110000001
0000100011111111
0000000111111111
0000001010000001
0000001110000001
0000010010000001
0000010110000001
0000011010000001
0000011110000001
0000100011111111
0000000111111111
0000001010000001
0000001110000001
0000010010000001
0000010110000001
0000011010000001
0000011110000001
0000100011111111
0000000111111111
0000001010000001
0000001110000001
0000010010000001
0000010110000001
0000011010000001
0000011110000001
0000100011111111
0000000111111111
0000001010000001
0000001110000001
0000010010000001
0000010110000001
0000011010000001
0000011110000001
0000100011111111
0000000111111111
0000001010000001
0000001110000001
0000010010000001
0000010110000001
0000011010000001
0000011110000001
0000100011111111
0000000111111111
0000001010000001
0000001110000001
0000010010000001
0000010110000001
0000011010000001
0000011110000001
0000100011111111
0000000111111111
0000001010000001
0000001110000001
0000010010000001
0000010110000001
0000011010000001
0000011110000001
0000100011111111
0000000111111111
0000001010000001
0000001110000001
0000010010000001
0000010110000001
0000011010000001
0000011110000001
0000100011111111
0000000111111111
0000001010000001
0000001110000001
0000010010000001
0000010110000001
0000011010000001
0000011110000001
0000100011111111
0000000111111111
0000001010000001
0000001110000001
0000010010000001
0000010110000001
0000011010000001
0000011110000001
0000100011111111
0000000111111111
0000001010000001
0000001110000001
0000010010000001
0000010110000001
0000011010000001
0000011110000001
0000100011111111
